Template: NONE
Clouds: 0.2608696
Grime: 0.1956522
Palette: 2
EffectColorA: 10
EffectColorB: 2
Effects: SkyDandelions-1-20-20, 
PlacedObjects: DandelionPatch><695.4879><156.5504><0~100, DandelionPatch><1212.116><168.4736><0~100, 
FadePalette: 15, 0.2826087, 0.2826087
